1 0.18083333333333335 0.6215596330275229 0.1 0.1559633027522936
1 0.26458333333333334 0.5573394495412844 0.052500000000000005 0.28899082568807344
1 0.3179166666666667 0.5240825688073395 0.052500000000000005 0.33256880733944955
1 0.37875000000000003 0.518348623853211 0.05916666666666667 0.37155963302752293
1 0.43875000000000003 0.5538990825688074 0.04916666666666667 0.286697247706422
1 0.50375 0.5905963302752294 0.06416666666666668 0.2408256880733945
1 0.5729166666666667 0.6077981651376148 0.052500000000000005 0.24770642201834864
1 0.6391666666666667 0.5711009174311927 0.065 0.30275229357798167
1 0.7158333333333334 0.5217889908256881 0.065 0.3967889908256881
1 0.78625 0.5137614678899083 0.06416666666666668 0.3853211009174312
1 0.8508333333333334 0.5080275229357798 0.065 0.35550458715596334
1 0.9204166666666668 0.5252293577981652 0.05416666666666667 0.3348623853211009
1 0.9737500000000001 0.5206422018348624 0.04416666666666667 0.3577981651376147
