1 0.27 0.7116666666666667 0.12 0.14333333333333334
1 0.268125 0.5708333333333334 0.14125000000000001 0.14500000000000002
1 0.37375 0.7391666666666667 0.0675 0.14166666666666666
1 0.45937500000000003 0.7416666666666667 0.08625000000000001 0.14333333333333334
1 0.434375 0.5875 0.10375000000000001 0.16833333333333333
1 0.2675 0.4091666666666667 0.1375 0.1716666666666667
1 0.251875 0.21166666666666667 0.16625 0.21333333333333335
1 0.07875 0.15083333333333335 0.155 0.2916666666666667
1 0.264375 0.05333333333333334 0.20125 0.1
1 0.415625 0.23750000000000002 0.13375 0.23833333333333334
1 0.470625 0.07416666666666667 0.21125 0.12166666666666667
1 0.9125 0.09666666666666668 0.1675 0.19
1 0.558125 0.3766666666666667 0.12625 0.26666666666666666
1 0.80625 0.43083333333333335 0.19 0.1716666666666667
1 0.666875 0.20916666666666667 0.11875000000000001 0.2016666666666667
1 0.63625 0.7133333333333334 0.11 0.08666666666666667
1 0.734375 0.6708333333333334 0.051250000000000004 0.16166666666666668
