1 0.20208333333333334 0.16502946954813358 0.4013888888888889 0.3261296660117878
1 0.4625 0.16699410609037327 0.11111111111111112 0.3222003929273084
1 0.5840277777777778 0.16895874263261296 0.11805555555555557 0.33398821218074654
1 0.7340277777777778 0.1817288801571709 0.16527777777777777 0.3359528487229862
1 0.24444444444444446 0.38506876227897835 0.23333333333333334 0.11001964636542239
1 0.3215277777777778 0.5029469548133595 0.21805555555555556 0.09823182711198428
1 0.4340277777777778 0.38899803536345773 0.12083333333333333 0.10609037328094302
1 0.5902777777777778 0.40471512770137524 0.11944444444444445 0.10216110019646364
1 0.6555555555555556 0.5363457760314342 0.1388888888888889 0.11001964636542239
1 0.7159722222222222 0.41748526522593316 0.09027777777777778 0.10805500982318271
1 0.9243055555555556 0.19842829076620824 0.1375 0.3222003929273084
