1 0.24295081967213114 0.5735080058224163 0.09770491803278689 0.17758369723435227
1 0.3344262295081967 0.28311499272197965 0.10754098360655738 0.4002911208151383
1 0.3842622950819672 0.5509461426491994 0.16655737704918033 0.1208151382823872
1 0.6157377049180328 0.06404657933042213 0.5363934426229509 0.11353711790393013
1 0.4377049180327869 0.314410480349345 0.0898360655737705 0.3697234352256186
1 0.560327868852459 0.3384279475982533 0.14098360655737704 0.4264919941775837
1 0.6767213114754098 0.34497816593886466 0.0839344262295082 0.22998544395924309
1 0.7757377049180327 0.2307132459970888 0.1062295081967213 0.20232896652110627
1 0.7898360655737705 0.4585152838427948 0.13311475409836065 0.22998544395924309
1 0.8868852459016393 0.6550218340611355 0.1160655737704918 0.15138282387190685
1 0.8855737704918033 0.5291120815138283 0.057049180327868855 0.10043668122270742
