1 0.292 0.26666666666666666 0.188 0.19466666666666665
1 0.061 0.4453333333333333 0.116 0.4613333333333333
1 0.168 0.5106666666666666 0.092 0.376
1 0.3625 0.6213333333333333 0.281 0.176
1 0.488 0.43866666666666665 0.20400000000000001 0.19999999999999998
1 0.41050000000000003 0.7626666666666666 0.23900000000000002 0.09866666666666667
1 0.6945 0.6926666666666667 0.167 0.284
1 0.8765000000000001 0.6739999999999999 0.195 0.18266666666666667
1 0.3935 0.9526666666666667 0.297 0.08666666666666667
1 0.7145 0.35733333333333334 0.129 0.288
