1 0.185625 0.405 0.20875 0.13166666666666668
1 0.455 0.48833333333333334 0.3025 0.09833333333333334
1 0.39437500000000003 0.3766666666666667 0.26125 0.13166666666666668
1 0.638125 0.4291666666666667 0.23875000000000002 0.15333333333333335
1 0.47875 0.2833333333333333 0.3 0.125
1 0.786875 0.30333333333333334 0.34375 0.115
1 0.51625 0.10166666666666667 0.295 0.10833333333333334
1 0.758125 0.05166666666666667 0.45875 0.10166666666666667
1 0.86625 0.18500000000000003 0.23500000000000001 0.1716666666666667
1 0.90125 0.4166666666666667 0.16 0.10166666666666667
