1 0.1823076923076923 0.10428571428571429 0.13692307692307693 0.19714285714285715
1 0.18384615384615385 0.3028571428571429 0.14923076923076922 0.19428571428571428
1 0.18384615384615385 0.5028571428571429 0.14615384615384616 0.2
1 0.32384615384615384 0.10428571428571429 0.14 0.18571428571428572
1 0.32461538461538464 0.30428571428571427 0.12 0.18
1 0.31846153846153846 0.5142857142857142 0.10461538461538461 0.21142857142857144
1 0.4530769230769231 0.5942857142857143 0.10615384615384615 0.2571428571428571
1 0.4623076923076923 0.34285714285714286 0.13692307692307693 0.21142857142857144
1 0.47307692307692306 0.13714285714285715 0.13384615384615384 0.2571428571428571
1 0.8246153846153846 0.13285714285714287 0.25846153846153846 0.24857142857142858
1 0.7484615384615385 0.35428571428571426 0.13384615384615384 0.18857142857142858
1 0.7353846153846154 0.5385714285714286 0.08923076923076922 0.12285714285714286
1 0.7338461538461538 0.7085714285714285 0.06153846153846154 0.17714285714285713
