1 0.8277777777777778 0.18893528183716074 0.23055555555555557 0.23173277661795405
1 0.6208333333333333 0.11586638830897703 0.16111111111111112 0.20250521920668058
1 0.42430555555555555 0.11169102296450939 0.22083333333333335 0.1774530271398747
1 0.4131944444444445 0.30062630480167013 0.2625 0.16701461377870563
1 0.6291666666666667 0.29749478079331937 0.16944444444444445 0.14822546972860123
1 0.6243055555555556 0.4885177453027139 0.10138888888888889 0.15031315240083507
1 0.9291666666666667 0.5887265135699373 0.13055555555555556 0.21294363256784968
1 0.16944444444444445 0.12839248434237996 0.2555555555555556 0.19415448851774528
1 0.14444444444444446 0.4039665970772442 0.275 0.17327766179540707
1 0.30208333333333337 0.5532359081419623 0.07916666666666666 0.07933194154488517
