1 0.951875 0.1647834274952919 0.09125 0.3107344632768361
1 0.8725 0.4661016949152542 0.1875 0.2806026365348399
1 0.023125 0.13559322033898305 0.043750000000000004 0.1845574387947269
1 0.67625 0.2495291902071563 0.145 0.09981167608286252
1 0.28750000000000003 0.527306967984934 0.065 0.23728813559322032
1 0.3625 0.5329566854990584 0.06 0.23728813559322032
1 0.4275 0.5414312617702448 0.0475 0.22410546139359697
1 0.495 0.5508474576271186 0.0375 0.22033898305084745
1 0.551875 0.5508474576271186 0.051250000000000004 0.23163841807909605
1 0.6075 0.5753295668549906 0.0425 0.22033898305084745
1 0.1975 0.288135593220339 0.06 0.1845574387947269
1 0.285625 0.2853107344632768 0.05625 0.17890772128060262
1 0.35875 0.2928436911487759 0.045 0.1638418079096045
