1 0.35208333333333336 0.6722338204592901 0.1125 0.32567849686847594
1 0.14722222222222223 0.7505219206680583 0.08888888888888889 0.290187891440501
1 0.20902777777777778 0.5041753653444676 0.13472222222222222 0.19415448851774528
1 0.22916666666666669 0.3329853862212943 0.1388888888888889 0.13152400835073066
1 0.3680555555555556 0.3820459290187891 0.15555555555555556 0.2588726513569937
1 0.6743055555555556 0.7881002087682671 0.09583333333333334 0.3277661795407098
1 0.7743055555555556 0.7286012526096033 0.10694444444444445 0.1962421711899791
1 0.6854166666666667 0.5260960334029227 0.1625 0.16701461377870563
1 0.6020833333333333 0.33611691022964507 0.23194444444444445 0.20459290187891438
1 0.8340277777777778 0.19102296450939454 0.2847222222222222 0.21920668058455112
1 0.9284722222222223 0.49895615866388304 0.1375 0.3757828810020876
1 0.5659722222222222 0.12108559498956158 0.2625 0.21294363256784968
1 0.3041666666666667 0.1325678496868476 0.2888888888888889 0.24425887265135696
