1 0.60791015625 0.658357771260997 0.1396484375 0.07917888563049853
1 0.7236328125 0.5769794721407625 0.08203125 0.05718475073313783
1 0.72412109375 0.07844574780058651 0.2373046875 0.10117302052785923
1 0.6435546875 0.20161290322580644 0.17578125 0.1217008797653959
1 0.544921875 0.3357771260997067 0.125 0.07917888563049853
1 0.93115234375 0.09164222873900293 0.1279296875 0.13049853372434017
1 0.4501953125 0.0718475073313783 0.2109375 0.10557184750733138
1 0.50830078125 0.6891495601173021 0.0498046875 0.04398826979472141
1 0.34375 0.36363636363636365 0.08984375 0.0967741935483871
1 0.47998046875 0.5146627565982405 0.0751953125 0.09970674486803519
