1 0.43583333333333335 0.795 0.8700000000000001 0.1825
1 0.1925 0.47375 0.38333333333333336 0.455
1 0.09083333333333334 0.16125 0.18000000000000002 0.165
1 0.4216666666666667 0.56 0.06166666666666667 0.2725
1 0.5437500000000001 0.635 0.17750000000000002 0.1275
1 0.18000000000000002 0.55375 0.35833333333333334 0.64
1 0.54125 0.71 0.35250000000000004 0.3175
1 0.8016666666666667 0.81875 0.155 0.115
1 0.43000000000000005 0.505 0.12833333333333335 0.0775
1 0.38625000000000004 0.39 0.04583333333333334 0.1275
1 0.09083333333333334 0.14375000000000002 0.18000000000000002 0.115
