1 0.9209090909090909 0.3475609756097561 0.1509090909090909 0.3048780487804878
1 0.8445454545454546 0.08780487804878048 0.2818181818181818 0.16585365853658537
1 0.6309090909090909 0.21951219512195122 0.18181818181818182 0.4292682926829268
1 0.7927272727272727 0.3524390243902439 0.12727272727272726 0.22682926829268293
1 0.47363636363636363 0.5646341463414634 0.19818181818181818 0.24146341463414633
1 0.41454545454545455 0.39878048780487807 0.2581818181818182 0.18292682926829268
1 0.41363636363636364 0.1573170731707317 0.22363636363636363 0.3048780487804878
1 0.18363636363636363 0.20853658536585365 0.18545454545454546 0.36829268292682926
1 0.042727272727272725 0.10609756097560975 0.07090909090909091 0.17804878048780487
1 0.20272727272727273 0.5426829268292683 0.1509090909090909 0.14390243902439023
