1 0.08181818181818182 0.205607476635514 0.15636363636363637 0.3925233644859813
1 0.07909090909090909 0.5903426791277259 0.15454545454545454 0.3707165109034268
1 0.24545454545454545 0.22585669781931464 0.16363636363636364 0.42679127725856697
1 0.25 0.5872274143302181 0.18 0.27102803738317754
1 0.42272727272727273 0.21962616822429906 0.17636363636363636 0.42679127725856697
1 0.44272727272727275 0.5996884735202492 0.19454545454545455 0.3333333333333333
1 0.6063636363636363 0.21962616822429906 0.19454545454545455 0.40809968847352024
1 0.7845454545454545 0.21962616822429906 0.1509090909090909 0.4205607476635514
1 0.9318181818181818 0.23052959501557632 0.1290909090909091 0.4423676012461059
1 0.6036363636363636 0.632398753894081 0.12 0.3862928348909657
1 0.7918181818181819 0.5747663551401869 0.13272727272727272 0.2772585669781931
1 0.9336363636363636 0.6401869158878505 0.12181818181818181 0.3333333333333333
1 0.9236363636363636 0.895638629283489 0.13454545454545455 0.1588785046728972
