1 0.06541666666666666 0.11528497409326426 0.12250000000000001 0.20984455958549222
1 0.05916666666666667 0.3121761658031088 0.10500000000000001 0.17098445595854922
1 0.02875 0.46696891191709844 0.04916666666666667 0.12823834196891193
1 0.31333333333333335 0.3089378238341969 0.08 0.16709844559585493
1 0.4429166666666667 0.12046632124352331 0.2041666666666667 0.22538860103626943
1 0.6654166666666667 0.12305699481865286 0.2391666666666667 0.20984455958549222
1 0.8879166666666667 0.0783678756476684 0.19416666666666668 0.12823834196891193
1 0.8925000000000001 0.2810880829015544 0.2066666666666667 0.18652849740932642
1 0.6441666666666667 0.3134715025906736 0.27 0.15544041450777202
1 0.4454166666666667 0.3594559585492228 0.10416666666666667 0.21632124352331608
1 0.4025 0.5414507772020726 0.16166666666666668 0.10362694300518135
1 0.7458333333333333 0.5718911917098446 0.135 0.09715025906735751
1 0.9179166666666667 0.4734455958549223 0.12916666666666668 0.11528497409326426
1 0.6129166666666667 0.4520725388601036 0.10750000000000001 0.11139896373056996
