1 0.853515625 0.7118768328445748 0.068359375 0.09237536656891496
1 0.92724609375 0.7536656891495601 0.0615234375 0.07624633431085044
1 0.71142578125 0.5696480938416423 0.0849609375 0.12756598240469208
1 0.67236328125 0.3489736070381232 0.1025390625 0.2785923753665689
1 0.791015625 0.3709677419354839 0.115234375 0.19648093841642228
1 0.76220703125 0.10703812316715543 0.4716796875 0.1935483870967742
1 0.36083984375 0.18841642228739003 0.0517578125 0.08357771260997067
1 0.5087890625 0.29105571847507333 0.048828125 0.0718475073313783
1 0.91650390625 0.5058651026392962 0.0634765625 0.12903225806451613
1 0.31494140625 0.0593841642228739 0.0595703125 0.06598240469208211
