1 0.13736842105263158 0.5860979462875198 0.05578947368421053 0.12006319115323855
1 0.05105263157894737 0.5884676145339652 0.09368421052631579 0.12480252764612954
1 0.23578947368421052 0.590047393364929 0.12631578947368421 0.1311216429699842
1 0.35578947368421054 0.5995260663507109 0.11578947368421053 0.12164296998420221
1 0.4568421052631579 0.6105845181674565 0.05894736842105263 0.12796208530805686
1 0.5321052631578947 0.5718799368088467 0.07684210526315789 0.07898894154818326
1 0.6221052631578947 0.631911532385466 0.06315789473684211 0.07898894154818326
1 0.7131578947368421 0.6342812006319115 0.08105263157894736 0.09004739336492891
1 0.12842105263157894 0.2819905213270142 0.23789473684210527 0.4849921011058452
1 0.37 0.3696682464454976 0.2263157894736842 0.296998420221169
1 0.5968421052631578 0.4344391785150079 0.2063157894736842 0.2559241706161137
1 0.7942105263157895 0.43759873617693523 0.1968421052631579 0.3285939968404423
1 0.9452631578947368 0.4296998420221169 0.10526315789473684 0.4707740916271722
