1 0.1704166666666667 0.21067738231917338 0.2575 0.23765786452353618
1 0.037500000000000006 0.42135476463834676 0.03166666666666667 0.11940298507462686
1 0.8204166666666667 0.10734787600459242 0.12083333333333333 0.13432835820895522
1 0.8666666666666667 0.7904707233065442 0.2516666666666667 0.35017221584385766
1 0.5704166666666667 0.8507462686567164 0.1675 0.2227324913892078
1 0.40166666666666667 0.547646383467279 0.13166666666666668 0.13088404133180254
1 0.6041666666666667 0.25947187141216993 0.10166666666666667 0.11251435132032148
1 0.9041666666666667 0.28587830080367393 0.065 0.18140068886337543
1 0.29208333333333336 0.8851894374282434 0.2025 0.0574052812858783
1 0.39958333333333335 0.060849598163031 0.07250000000000001 0.06888633754305397
