1 0.935546875 0.7131901840490797 0.109375 0.13190184049079756
1 0.75341796875 0.4808282208588957 0.2373046875 0.3205521472392638
1 0.4130859375 0.3803680981595092 0.212890625 0.549079754601227
1 0.578125 0.3619631901840491 0.09765625 0.48773006134969327
1 0.25341796875 0.5199386503067485 0.0908203125 0.35276073619631904
1 0.0927734375 0.5812883435582822 0.154296875 0.3067484662576687
1 0.1357421875 0.325920245398773 0.091796875 0.11503067484662577
1 0.72021484375 0.18328220858895705 0.1044921875 0.26226993865030673
1 0.72802734375 0.7898773006134969 0.0712890625 0.09202453987730061
1 0.7763671875 0.6840490797546013 0.0546875 0.0705521472392638
