1 0.09129383313180169 0.09235668789808917 0.17533252720677145 0.15498938428874734
1 0.2902055622732769 0.10721868365180467 0.22490931076178958 0.18471337579617833
1 0.12091898428053204 0.25690021231422505 0.1475211608222491 0.14437367303609341
1 0.30169286577992743 0.26963906581740976 0.21160822249093106 0.11889596602972399
1 0.4691656590084643 0.21443736730360935 0.12333736396614269 0.2632696390658174
1 0.25997581620314386 0.39915074309978765 0.31680773881499397 0.12314225053078556
1 0.33615477629987905 0.5403397027600849 0.2781136638452237 0.15074309978768577
1 0.36638452237001207 0.6932059447983014 0.19105199516324062 0.1464968152866242
1 0.48065296251511486 0.4118895966029724 0.12212817412333736 0.14437367303609341
1 0.5773881499395405 0.2632696390658174 0.08101571946795647 0.21656050955414013
1 0.3506650544135429 0.8365180467091295 0.09673518742442563 0.12738853503184713
