1 0.07875 0.3625 0.12916666666666668 0.2
1 0.4320833333333334 0.15 0.1575 0.225
1 0.4729166666666667 0.3625 0.2575 0.15
1 0.25083333333333335 0.346875 0.16 0.12625
1 0.5225000000000001 0.58125 0.11666666666666667 0.2625
1 0.65 0.153125 0.26666666666666666 0.24625
1 0.8908333333333334 0.150625 0.21500000000000002 0.25125000000000003
1 0.795 0.400625 0.3866666666666667 0.21625
1 0.7141666666666667 0.579375 0.2866666666666667 0.25125000000000003
1 0.9266666666666667 0.719375 0.12166666666666667 0.40375
1 0.7379166666666667 0.855625 0.2225 0.21375
