1 0.090625 0.28564814814814815 0.178125 0.1638888888888889
1 0.2760416666666667 0.10185185185185186 0.5489583333333333 0.19814814814814816
1 0.36822916666666666 0.2851851851851852 0.3729166666666667 0.1685185185185185
1 0.3177083333333333 0.4222222222222222 0.171875 0.09444444444444444
1 0.4276041666666667 0.5166666666666667 0.12916666666666665 0.07962962962962963
1 0.6942708333333333 0.42962962962962964 0.5708333333333333 0.09814814814814815
1 0.5541666666666667 0.5462962962962963 0.11354166666666667 0.1277777777777778
1 0.684375 0.5435185185185185 0.12395833333333334 0.11481481481481481
1 0.6234375 0.2449074074074074 0.13125 0.2601851851851852
1 0.7854166666666667 0.29814814814814816 0.165625 0.16296296296296298
