1 0.44 0.40462833099579243 0.2231578947368421 0.23983169705469845
1 0.3263157894736842 0.2826086956521739 0.30315789473684207 0.18934081346423562
1 0.2984210526315789 0.10448807854137447 0.11473684210526315 0.14446002805049088
1 0.4131578947368421 0.13464235624123422 0.08105263157894736 0.08695652173913043
1 0.14736842105263157 0.07503506311360449 0.1726315789473684 0.11079943899018233
1 0.5957894736842105 0.5385694249649369 0.06736842105263158 0.23281907433380084
1 0.3994736842105263 0.5820476858345021 0.07052631578947369 0.09256661991584852
1 0.4884210526315789 0.5953716690042076 0.07789473684210527 0.11921458625525946
1 0.6799999999999999 0.6213183730715287 0.08 0.1458625525946704
1 0.7484210526315789 0.7601683029453015 0.06315789473684211 0.04488078541374474
