1 0.3529411764705882 0.5555555555555556 0.12235294117647058 0.24338624338624337
1 0.21294117647058822 0.4708994708994709 0.14588235294117646 0.18342151675485008
1 0.1323529411764706 0.19135802469135801 0.22235294117647056 0.3368606701940035
1 0.2952941176470588 0.08112874779541446 0.08705882352941176 0.14814814814814814
1 0.3394117647058823 0.283068783068783 0.16588235294117645 0.2310405643738977
1 0.5529411764705882 0.09082892416225749 0.24941176470588233 0.1746031746031746
1 0.4741176470588235 0.3412698412698413 0.09411764705882353 0.3368606701940035
1 0.588235294117647 0.2980599647266314 0.1364705882352941 0.23985890652557318
1 0.6535294117647058 0.4506172839506173 0.09529411764705882 0.14285714285714285
1 0.7470588235294117 0.35978835978835977 0.18352941176470586 0.10934744268077601
1 0.7276470588235293 0.19135802469135801 0.11882352941176469 0.24514991181657847
1 0.9276470588235294 0.3641975308641975 0.06941176470588235 0.07583774250440917
