1 0.10375000000000001 0.135 0.1991666666666667 0.2625
1 0.2829166666666667 0.15125 0.1525 0.28
1 0.4404166666666667 0.153125 0.1375 0.27625
1 0.5604166666666667 0.155625 0.08750000000000001 0.29125
1 0.65375 0.1575 0.09416666666666668 0.28500000000000003
1 0.8533333333333334 0.184375 0.29000000000000004 0.32625
1 0.4829166666666667 0.406875 0.2025 0.21375
1 0.7937500000000001 0.469375 0.3891666666666667 0.25875
1 0.5054166666666667 0.625625 0.1925 0.18625
1 0.3666666666666667 0.71625 0.09000000000000001 0.17500000000000002
1 0.29458333333333336 0.825625 0.052500000000000005 0.11625
