1 0.0715909090909091 0.2043269230769231 0.1340909090909091 0.25480769230769235
1 0.12045454545454545 0.41105769230769235 0.15 0.2932692307692308
1 0.17159090909090907 0.6225961538461539 0.07045454545454545 0.15865384615384617
1 0.3443181818181818 0.12980769230769232 0.19772727272727272 0.22115384615384617
1 0.3488636363636363 0.3605769230769231 0.175 0.17307692307692307
1 0.5761363636363636 0.12259615384615385 0.26136363636363635 0.15865384615384617
1 0.7215909090909091 0.30528846153846156 0.27954545454545454 0.20673076923076925
1 0.8284090909090909 0.12259615384615385 0.125 0.11057692307692309
1 0.8852272727272726 0.3293269230769231 0.11136363636363636 0.2451923076923077
1 0.7284090909090909 0.47836538461538464 0.1568181818181818 0.12980769230769232
