1 0.650625 0.3066104078762307 0.26625 0.22784810126582278
1 0.618125 0.15119549929676512 0.17125 0.07172995780590717
1 0.833125 0.32841068917018285 0.08875 0.2320675105485232
1 0.210625 0.38115330520393814 0.21375 0.14345991561181434
1 0.184375 0.4859353023909986 0.36625 0.20956399437412096
1 0.109375 0.6469760900140648 0.20625000000000002 0.08438818565400844
1 0.413125 0.5815752461322081 0.18375 0.18143459915611815
1 0.495 0.7334739803094233 0.16 0.14767932489451477
1 0.765 0.5330520393811533 0.1375 0.2109704641350211
1 0.728125 0.7693389592123769 0.11625 0.27848101265822783
