1 0.4580078125 0.5153061224489796 0.046875 0.05393586005830904
1 0.79296875 0.39067055393586003 0.10546875 0.16326530612244897
1 0.66748046875 0.3739067055393586 0.1162109375 0.08892128279883382
1 0.560546875 0.4067055393586006 0.060546875 0.07580174927113703
1 0.5087890625 0.48177842565597667 0.0390625 0.039358600583090375
1 0.07763671875 0.60932944606414 0.1259765625 0.13119533527696792
1 0.166015625 0.5335276967930029 0.119140625 0.1574344023323615
1 0.22216796875 0.4198250728862974 0.1005859375 0.15160349854227406
1 0.5068359375 0.23615160349854228 0.18359375 0.1107871720116618
1 0.7080078125 0.09037900874635568 0.123046875 0.12244897959183673
