1 0.5866666666666667 0.551875 0.055 0.08625000000000001
1 0.5554166666666667 0.6525 0.03416666666666667 0.05
1 0.02666666666666667 0.548125 0.04833333333333334 0.07625
1 0.15416666666666667 0.604375 0.043333333333333335 0.03625
1 0.4054166666666667 0.455 0.0475 0.0525
1 0.8654166666666667 0.4925 0.0325 0.0575
1 0.69125 0.410625 0.037500000000000006 0.03625
1 0.8525 0.21125 0.04833333333333334 0.0625
1 0.7875000000000001 0.128125 0.06166666666666667 0.08375
1 0.85375 0.035 0.037500000000000006 0.06
1 0.6079166666666667 0.140625 0.0425 0.07125000000000001
1 0.325 0.04125 0.07 0.06
