1 0.8516666666666667 0.24375 0.29000000000000004 0.47500000000000003
1 0.8525 0.59125 0.2916666666666667 0.21
1 0.6020833333333334 0.3525 0.20583333333333334 0.7025
1 0.3866666666666667 0.356875 0.22666666666666668 0.70125
1 0.1379166666666667 0.335625 0.25916666666666666 0.65125
1 0.21291666666666667 0.714375 0.11583333333333334 0.10125
1 0.3904166666666667 0.74625 0.15916666666666668 0.0675
1 0.4920833333333334 0.8375 0.12250000000000001 0.1075
1 0.5975 0.750625 0.21666666666666667 0.08625000000000001
1 0.7566666666666667 0.749375 0.085 0.06625
1 0.64875 0.82875 0.10416666666666667 0.07
