1 0.7681818181818182 0.16094771241830066 0.35909090909090907 0.07679738562091504
1 0.3670454545454545 0.2058823529411765 0.2159090909090909 0.12745098039215685
1 0.6443181818181818 0.2638888888888889 0.10227272727272727 0.04738562091503268
1 0.8034090909090909 0.2426470588235294 0.1159090909090909 0.06699346405228758
1 0.11818181818181818 0.20179738562091504 0.16818181818181818 0.08006535947712419
1 0.1875 0.571078431372549 0.32045454545454544 0.10947712418300654
1 0.19772727272727272 0.6854575163398693 0.33636363636363636 0.10294117647058824
1 0.4375 0.5857843137254902 0.13863636363636364 0.12254901960784315
1 0.9045454545454545 0.5767973856209151 0.14545454545454545 0.08496732026143791
1 0.4420454545454545 0.6936274509803921 0.12954545454545455 0.08006535947712419
1 0.3125 0.7908496732026145 0.11136363636363636 0.08169934640522876
