1 0.92 0.5590101522842639 0.04666666666666667 0.03934010152284264
1 0.8766666666666667 0.5279187817258882 0.07166666666666667 0.04314720812182741
1 0.81125 0.49175126903553296 0.09250000000000001 0.06218274111675126
1 0.7195833333333334 0.4993654822335025 0.09250000000000001 0.1611675126903553
1 0.6266666666666667 0.4898477157360406 0.07 0.11421319796954314
1 0.5666666666666667 0.4416243654822335 0.07833333333333334 0.10913705583756345
1 0.44583333333333336 0.3813451776649746 0.17833333333333334 0.15609137055837563
1 0.3066666666666667 0.31535532994923854 0.1366666666666667 0.15101522842639592
1 0.21125000000000002 0.23604060913705582 0.21250000000000002 0.12436548223350252
1 0.26458333333333334 0.13261421319796954 0.07250000000000001 0.06725888324873096
1 0.21750000000000003 0.7176395939086294 0.12000000000000001 0.1713197969543147
1 0.3225 0.7868020304568527 0.08166666666666667 0.055837563451776644
1 0.88375 0.7328680203045684 0.09250000000000001 0.08502538071065989
