1 0.14916666666666667 0.15090673575129535 0.2816666666666667 0.26813471502590674
1 0.15666666666666668 0.42487046632124353 0.2916666666666667 0.2746113989637306
1 0.4625 0.15155440414507773 0.33666666666666667 0.2590673575129534
1 0.8137500000000001 0.16645077720207255 0.3641666666666667 0.2862694300518135
1 0.46958333333333335 0.42487046632124353 0.3275 0.2590673575129534
1 0.8129166666666667 0.4572538860103627 0.3591666666666667 0.28756476683937826
1 0.33375000000000005 0.6405440414507773 0.33416666666666667 0.16968911917098448
1 0.6108333333333333 0.6347150259067358 0.20500000000000002 0.13989637305699482
1 0.8366666666666667 0.6509067357512953 0.12166666666666667 0.09974093264248705
1 0.12083333333333333 0.6230569948186528 0.11 0.13212435233160622
