1 0.3522267206477733 0.11398176291793313 0.19635627530364372 0.2127659574468085
1 0.3896761133603239 0.29559270516717323 0.07894736842105263 0.14437689969604864
1 0.59665991902834 0.06990881458966565 0.28441295546558704 0.11854103343465046
1 0.7044534412955465 0.17857142857142858 0.06680161943319839 0.09574468085106383
1 0.7054655870445344 0.2978723404255319 0.06275303643724696 0.11246200607902736
1 0.6837044534412956 0.5767477203647416 0.12449392712550607 0.22340425531914893
1 0.812246963562753 0.5592705167173252 0.07793522267206478 0.45592705167173253
1 0.8977732793522267 0.5653495440729484 0.08502024291497975 0.2006079027355623
1 0.3517206477732794 0.5980243161094225 0.10222672064777329 0.3601823708206687
1 0.058704453441295545 0.5585106382978723 0.10526315789473684 0.27811550151975684
1 0.1604251012145749 0.7386018237082067 0.1082995951417004 0.13677811550151975
