1 0.14416666666666667 0.10362694300518135 0.20500000000000002 0.19430051813471502
1 0.03833333333333334 0.11204663212435234 0.065 0.20077720207253888
1 0.08875000000000001 0.3283678756476684 0.14750000000000002 0.21373056994818654
1 0.16041666666666668 0.5537564766839378 0.2275 0.22409326424870468
1 0.2054166666666667 0.3898963730569948 0.08916666666666667 0.11917098445595856
1 0.3375 0.4773316062176166 0.16166666666666668 0.23186528497409328
1 0.19416666666666668 0.7441709844559585 0.23500000000000001 0.16191709844559585
1 0.5216666666666667 0.3270725388601036 0.17500000000000002 0.22927461139896374
1 0.6791666666666667 0.34196891191709844 0.14833333333333334 0.24870466321243523
1 0.5458333333333334 0.5595854922279793 0.2 0.23316062176165803
1 0.50625 0.7674870466321244 0.21916666666666668 0.12305699481865286
1 0.7416666666666667 0.172279792746114 0.09166666666666667 0.08549222797927461
1 0.9166666666666667 0.2001295336787565 0.15666666666666668 0.22409326424870468
1 0.8645833333333334 0.391839378238342 0.2225 0.22409326424870468
1 0.7495833333333334 0.6599740932642487 0.12250000000000001 0.09196891191709845
1 0.9316666666666668 0.5602331606217616 0.11666666666666667 0.12823834196891193
1 0.6641666666666667 0.7707253886010363 0.06166666666666667 0.07253886010362695
