1 0.12541666666666668 0.11981865284974094 0.2341666666666667 0.21373056994818654
1 0.08375 0.3911917098445596 0.14750000000000002 0.31088082901554404
1 0.2854166666666667 0.4630829015544042 0.25916666666666666 0.20854922279792748
1 0.23208333333333334 0.655440414507772 0.2525 0.21761658031088082
1 0.5870833333333334 0.35038860103626945 0.28750000000000003 0.26036269430051817
1 0.5433333333333333 0.5867875647668394 0.165 0.21243523316062177
1 0.7395833333333334 0.1845854922279793 0.0975 0.133419689119171
1 0.9108333333333334 0.19753886010362695 0.15000000000000002 0.24740932642487048
1 0.8387500000000001 0.3678756476683938 0.2341666666666667 0.23316062176165803
1 0.9241666666666667 0.550518134715026 0.12000000000000001 0.11658031088082901
1 0.7383333333333334 0.6632124352331606 0.115 0.10880829015544041
1 0.48583333333333334 0.7629533678756477 0.19 0.11139896373056996
