1 0.1325 0.10727728983688832 0.24166666666666667 0.18444165621079045
1 0.36291666666666667 0.11355081555834379 0.2225 0.1769134253450439
1 0.6091666666666667 0.10915934755332496 0.26166666666666666 0.18820577164366373
1 0.8558333333333333 0.13550815558343787 0.22333333333333336 0.2484316185696361
1 0.14666666666666667 0.3318695106649937 0.26666666666666666 0.26223337515683814
1 0.3891666666666667 0.33563362609786696 0.22 0.25972396486825594
1 0.6191666666666668 0.3387703889585947 0.24166666666666667 0.2634880803011292
1 0.8541666666666667 0.3713927227101631 0.22166666666666668 0.22584692597239647
1 0.8500000000000001 0.5815558343789209 0.27666666666666667 0.2095357590966123
1 0.5804166666666667 0.5752823086574654 0.2525 0.2095357590966123
1 0.3166666666666667 0.5765370138017566 0.26666666666666666 0.22459222082810537
1 0.09541666666666668 0.5991217063989962 0.1575 0.2371392722710163
1 0.30791666666666667 0.7584692597239648 0.21416666666666667 0.12421580928481805
1 0.12583333333333335 0.7710163111668757 0.14833333333333334 0.09661229611041404
1 0.5466666666666667 0.748431618569636 0.22666666666666668 0.13927227101631115
