1 0.635625 0.7970588235294117 0.28125 0.17058823529411765
1 0.895 0.7519607843137255 0.20500000000000002 0.20588235294117646
1 0.629375 0.5794117647058823 0.30125 0.24509803921568626
1 0.85875 0.44019607843137254 0.145 0.40980392156862744
1 0.96375 0.2088235294117647 0.0675 0.40588235294117647
1 0.828125 0.1196078431372549 0.19625 0.21568627450980393
1 0.149375 0.7852941176470588 0.12375 0.12352941176470589
1 0.236875 0.6519607843137255 0.21125 0.14313725490196078
1 0.3275 0.7568627450980392 0.2275 0.06274509803921569
1 0.47125 0.7401960784313726 0.0475 0.08039215686274509
1 0.410625 0.6186274509803922 0.12375 0.17450980392156862
1 0.22375 0.45294117647058824 0.23750000000000002 0.24705882352941178
1 0.40875 0.40294117647058825 0.1275 0.2529411764705882
1 0.628125 0.3137254901960784 0.30125 0.2784313725490196
1 0.20500000000000002 0.23137254901960785 0.265 0.1803921568627451
1 0.40625 0.14215686274509803 0.1375 0.2607843137254902
1 0.608125 0.09117647058823529 0.25875 0.16666666666666666
1 0.166875 0.07647058823529412 0.32875 0.12941176470588234
