1 0.65966796875 0.1744186046511628 0.279296875 0.3308327081770443
1 0.90087890625 0.14703675918979744 0.181640625 0.26556639159789946
1 0.5771484375 0.48612153038259565 0.3017578125 0.26706676669167295
1 0.322265625 0.5108777194298575 0.0771484375 0.10502625656414104
1 0.75830078125 0.39909977494373594 0.048828125 0.09452363090772693
1 0.4697265625 0.22730682670667668 0.0693359375 0.21005251312828208
1 0.37158203125 0.3994748687171793 0.07421875 0.06676669167291824
1 0.43798828125 0.690172543135784 0.072265625 0.10802700675168793
1 0.1494140625 0.8012003000750187 0.0556640625 0.09302325581395349
1 0.57568359375 0.6635408852213054 0.134765625 0.05776444111027757
