1 0.43272727272727274 0.7653721682847897 0.20727272727272728 0.1650485436893204
1 0.5736363636363636 0.5711974110032363 0.13272727272727272 0.13915857605177995
1 0.67 0.5016181229773463 0.06363636363636363 0.2977346278317152
1 0.7645454545454545 0.3446601941747573 0.11454545454545455 0.29449838187702265
1 0.8590909090909091 0.11488673139158577 0.21636363636363637 0.1779935275080906
1 0.89 0.3381877022653722 0.1 0.2038834951456311
1 0.35818181818181816 0.22168284789644013 0.11636363636363636 0.2038834951456311
1 0.4772727272727273 0.3122977346278317 0.10363636363636364 0.19093851132686085
1 0.28 0.37702265372168287 0.09818181818181818 0.22977346278317154
1 0.37272727272727274 0.39967637540453077 0.06545454545454546 0.11326860841423948
