1 0.935 0.25323834196891193 0.12166666666666667 0.31476683937823835
1 0.72375 0.6619170984455959 0.052500000000000005 0.08290155440414508
1 0.16416666666666668 0.43976683937823835 0.08333333333333334 0.18264248704663213
1 0.10416666666666667 0.10880829015544041 0.2 0.18652849740932642
1 0.53 0.40220207253886014 0.115 0.3121761658031088
1 0.7375 0.3380829015544042 0.16 0.17875647668393782
1 0.7341666666666667 0.19300518134715028 0.07 0.08549222797927461
1 0.9404166666666667 0.5621761658031088 0.03916666666666667 0.06735751295336788
1 0.21875000000000003 0.680699481865285 0.10250000000000001 0.08160621761658031
1 0.38375000000000004 0.42033678756476683 0.04416666666666667 0.07901554404145078
1 0.08416666666666667 0.49093264248704666 0.05166666666666667 0.08808290155440415
1 0.5 0.7318652849740933 0.09666666666666668 0.06735751295336788
