1 0.32666666666666666 0.07777777777777778 0.2066666666666667 0.1288888888888889
1 0.25 0.19666666666666666 0.2833333333333333 0.15777777777777777
1 0.48750000000000004 0.2911111111111111 0.18166666666666667 0.17777777777777778
1 0.22416666666666668 0.3888888888888889 0.3916666666666667 0.21777777777777776
1 0.27416666666666667 0.5977777777777777 0.1716666666666667 0.16
1 0.5675 0.5066666666666667 0.15166666666666667 0.17333333333333334
1 0.035 0.12666666666666668 0.060000000000000005 0.10222222222222223
1 0.7366666666666667 0.5177777777777778 0.16666666666666669 0.17333333333333334
1 0.6166666666666667 0.6666666666666666 0.22666666666666668 0.13333333333333333
1 0.8441666666666667 0.6888888888888889 0.22833333333333336 0.17777777777777778
1 0.9091666666666667 0.88 0.15833333333333335 0.2
1 0.4241666666666667 0.5922222222222222 0.135 0.16666666666666666
1 0.6183333333333334 0.3211111111111111 0.04666666666666667 0.10444444444444445
