1 0.20842105263157895 0.09296875 0.17894736842105263 0.17343750000000002
1 0.39473684210526316 0.09062500000000001 0.18526315789473685 0.1625
1 0.5768421052631579 0.09296875 0.1726315789473684 0.1640625
1 0.7494736842105263 0.09062500000000001 0.16 0.1625
1 0.1957894736842105 0.25703125 0.19157894736842104 0.13593750000000002
1 0.3868421052631579 0.28750000000000003 0.1631578947368421 0.19062500000000002
1 0.5542105263157895 0.2859375 0.16736842105263158 0.2
1 0.7189473684210527 0.284375 0.15157894736842104 0.19687500000000002
1 0.8457894736842105 0.29921875000000003 0.10421052631578948 0.20468750000000002
1 0.9094736842105263 0.08046875 0.15157894736842104 0.1453125
1 0.26052631578947366 0.38828125 0.07894736842105263 0.1078125
1 0.3873684210526316 0.46484375 0.15157894736842104 0.13593750000000002
1 0.5668421052631579 0.478125 0.1863157894736842 0.153125
1 0.7426315789473684 0.47500000000000003 0.14210526315789473 0.134375
1 0.39 0.60703125 0.14842105263157895 0.15781250000000002
1 0.5531578947368421 0.63828125 0.1568421052631579 0.1453125
1 0.5589473684210526 0.8148437500000001 0.15789473684210525 0.20468750000000002
1 0.7205263157894737 0.60703125 0.1631578947368421 0.1078125
