1 0.3646153846153846 0.6986111111111112 0.19692307692307692 0.09166666666666667
1 0.42846153846153845 0.5750000000000001 0.2784615384615385 0.1388888888888889
1 0.3346153846153846 0.4708333333333333 0.06615384615384616 0.075
1 0.49846153846153846 0.6833333333333333 0.07692307692307693 0.08333333333333334
1 0.4546153846153846 0.42638888888888893 0.10615384615384615 0.17500000000000002
1 0.5046153846153846 0.3027777777777778 0.12923076923076923 0.10555555555555556
1 0.65 0.44027777777777777 0.2753846153846154 0.14722222222222223
1 0.6192307692307693 0.5777777777777778 0.09384615384615384 0.1277777777777778
1 0.6846153846153846 0.29305555555555557 0.2123076923076923 0.13611111111111113
1 0.8846153846153846 0.3902777777777778 0.18769230769230769 0.26944444444444443
