1 0.38645833333333335 0.2013888888888889 0.11770833333333333 0.22870370370370371
1 0.45468749999999997 0.40740740740740744 0.075 0.15
1 0.5552083333333333 0.24629629629629632 0.20104166666666667 0.16296296296296298
1 0.6015625 0.09537037037037037 0.05625 0.12592592592592594
1 0.6911458333333333 0.10277777777777779 0.12083333333333333 0.11481481481481481
1 0.6072916666666667 0.39351851851851855 0.16145833333333334 0.11481481481481481
1 0.8114583333333333 0.24953703703703706 0.303125 0.17500000000000002
1 0.8296875 0.3944444444444445 0.25625 0.10555555555555556
1 0.8984375 0.5111111111111112 0.13541666666666666 0.10925925925925926
1 0.8588541666666667 0.07777777777777778 0.2 0.1537037037037037
