1 0.7166666666666667 0.21937500000000001 0.165 0.26875
1 0.5375000000000001 0.15125 0.21666666666666667 0.1825
1 0.19791666666666669 0.380625 0.2225 0.25875
1 0.6454166666666667 0.46187500000000004 0.14916666666666667 0.26375
1 0.34625 0.659375 0.12916666666666668 0.20125
1 0.7016666666666667 0.714375 0.08166666666666667 0.19125
1 0.4379166666666667 0.78125 0.0625 0.13
1 0.3458333333333334 0.206875 0.135 0.22875
1 0.15041666666666667 0.664375 0.26916666666666667 0.20625000000000002
1 0.47958333333333336 0.4375 0.22583333333333336 0.2325
1 0.83625 0.21 0.07416666666666667 0.1375
