1 0.9158333333333334 0.4727979274611399 0.13 0.08031088082901555
1 0.7100000000000001 0.27914507772020725 0.5366666666666667 0.15155440414507773
1 0.5875 0.10103626943005181 0.3383333333333334 0.18652849740932642
1 0.4316666666666667 0.4786269430051814 0.05666666666666667 0.22409326424870468
1 0.7208333333333333 0.5511658031088084 0.065 0.042746113989637305
1 0.30375 0.2849740932642487 0.06583333333333334 0.12176165803108809
1 0.058750000000000004 0.09715025906735751 0.09083333333333334 0.1683937823834197
1 0.33666666666666667 0.5958549222797928 0.05 0.06476683937823835
1 0.5945833333333334 0.42357512953367876 0.0575 0.10103626943005181
1 0.8554166666666667 0.07318652849740932 0.17083333333333334 0.12823834196891193
