1 0.5320833333333334 0.15394242803504382 0.31583333333333335 0.295369211514393
1 0.3358333333333334 0.1132665832290363 0.065 0.20901126408010012
1 0.5141666666666667 0.418648310387985 0.2066666666666667 0.20901126408010012
1 0.6408333333333334 0.5963704630788486 0.115 0.1739674593241552
1 0.6270833333333333 0.7715894868585732 0.12250000000000001 0.16145181476846057
1 0.41625 0.73279098873592 0.08750000000000001 0.13391739674593242
1 0.7262500000000001 0.5056320400500626 0.04416666666666667 0.10012515644555695
1 0.7129166666666668 0.11702127659574468 0.025833333333333337 0.20150187734668337
1 0.46 0.5807259073842304 0.07333333333333333 0.07509386733416772
1 0.12916666666666668 0.33229036295369213 0.05333333333333334 0.0688360450563204
