1 0.55625 0.173125 0.2541666666666667 0.17625
1 0.43125 0.353125 0.06416666666666668 0.18375
1 0.5045833333333334 0.5225 0.0575 0.1525
1 0.5183333333333333 0.706875 0.055 0.21625
1 0.6529166666666667 0.431875 0.05416666666666667 0.21375
1 0.6787500000000001 0.645625 0.05916666666666667 0.19875
1 0.23750000000000002 0.43375 0.13166666666666668 0.15
1 0.22916666666666669 0.635625 0.07333333333333333 0.19375
1 0.14750000000000002 0.5493750000000001 0.03666666666666667 0.13375
1 0.07916666666666668 0.62625 0.02666666666666667 0.17250000000000001
1 0.5195833333333334 0.34125 0.08750000000000001 0.1
