1 0.9084302325581395 0.0930493273542601 0.1744186046511628 0.1771300448430493
1 0.47093023255813954 0.09753363228699552 0.3575581395348837 0.1771300448430493
1 0.5697674418604651 0.3004484304932735 0.2965116279069767 0.22869955156950672
1 0.7870639534883721 0.5280269058295964 0.14098837209302326 0.3251121076233184
1 0.5436046511627907 0.5739910313901345 0.3372093023255814 0.34080717488789236
1 0.7834302325581395 0.8060538116591928 0.13372093023255813 0.23542600896860985
1 0.14607558139534885 0.12556053811659193 0.2805232558139535 0.21973094170403587
1 0.3386627906976744 0.28699551569506726 0.1511627906976744 0.23766816143497757
1 0.14098837209302326 0.35201793721973096 0.25872093023255816 0.20627802690582958
1 0.22819767441860464 0.5582959641255605 0.27906976744186046 0.2914798206278027
