1 0.034895833333333334 0.06759259259259259 0.06666666666666667 0.13333333333333333
1 0.11927083333333333 0.21944444444444444 0.10416666666666667 0.15185185185185185
1 0.18697916666666667 0.34490740740740744 0.07083333333333333 0.09166666666666667
1 0.25729166666666664 0.4287037037037037 0.06979166666666667 0.08148148148148149
1 0.3333333333333333 0.5166666666666667 0.08645833333333333 0.09074074074074075
1 0.5114583333333333 0.5990740740740741 0.2635416666666667 0.07777777777777778
1 0.39739583333333334 0.0712962962962963 0.6541666666666667 0.13703703703703704
1 0.44479166666666664 0.22222222222222224 0.534375 0.1537037037037037
1 0.46875 0.34351851851851856 0.47604166666666664 0.07777777777777778
1 0.4848958333333333 0.4324074074074074 0.3770833333333333 0.07037037037037037
1 0.5252604166666667 0.5166666666666667 0.30052083333333335 0.08703703703703704
1 0.7458333333333333 0.18842592592592594 0.046875 0.35833333333333334
1 0.525 0.688425925925926 0.23645833333333333 0.08796296296296297
