1 0.12666666666666668 0.10888888888888888 0.23333333333333334 0.1688888888888889
1 0.3875 0.11555555555555555 0.27666666666666667 0.17333333333333334
1 0.81125 0.09 0.33416666666666667 0.14666666666666667
1 0.21833333333333335 0.33166666666666667 0.42000000000000004 0.26555555555555554
1 0.10250000000000001 0.6416666666666667 0.18666666666666668 0.33666666666666667
1 0.3504166666666667 0.5966666666666667 0.2891666666666667 0.25555555555555554
1 0.5395833333333334 0.34833333333333333 0.21750000000000003 0.27666666666666667
1 0.8995833333333334 0.355 0.15083333333333335 0.23222222222222222
1 0.7579166666666667 0.5516666666666666 0.3241666666666667 0.17666666666666667
1 0.6883333333333334 0.7583333333333333 0.305 0.21888888888888888
