1 0.335 0.66125 0.12666666666666668 0.0775
1 0.405 0.6075 0.1366666666666667 0.12
1 0.50875 0.483125 0.09916666666666667 0.20125
1 0.5716666666666667 0.636875 0.19166666666666668 0.11625
1 0.6154166666666667 0.51 0.11750000000000001 0.19
1 0.7291666666666667 0.588125 0.11666666666666667 0.25375000000000003
1 0.7916666666666667 0.185625 0.15166666666666667 0.26875
1 0.8695833333333334 0.401875 0.19083333333333335 0.15375
1 0.9295833333333334 0.16875 0.11750000000000001 0.27
1 0.9375000000000001 0.6 0.08666666666666667 0.2175
1 0.8416666666666667 0.6575 0.10833333333333334 0.0625
