1 0.8927272727272727 0.13179347826086957 0.20727272727272728 0.23641304347826086
1 0.7045454545454546 0.14945652173913043 0.15818181818181817 0.2934782608695652
1 0.8027272727272727 0.3858695652173913 0.26 0.20108695652173914
1 0.5536363636363636 0.19157608695652173 0.13636363636363635 0.3125
1 0.5772727272727273 0.44021739130434784 0.1690909090909091 0.1902173913043478
1 0.16545454545454547 0.18614130434782608 0.11636363636363636 0.36141304347826086
1 0.2809090909090909 0.19157608695652173 0.11090909090909092 0.37771739130434784
1 0.38181818181818183 0.21739130434782608 0.08 0.41304347826086957
1 0.38181818181818183 0.49728260869565216 0.08 0.14130434782608695
1 0.2690909090909091 0.4171195652173913 0.12363636363636364 0.057065217391304345
1 0.38545454545454544 0.6508152173913043 0.07636363636363637 0.10597826086956522
1 0.8018181818181818 0.532608695652174 0.16 0.07065217391304347
1 0.6054545454545455 0.5842391304347826 0.10181818181818182 0.07608695652173914
