1 0.11927083333333333 0.3902777777777778 0.2 0.3527777777777778
1 0.28020833333333334 0.5671296296296297 0.08854166666666667 0.25462962962962965
1 0.35625 0.8458333333333333 0.22395833333333334 0.30462962962962964
1 0.20052083333333334 0.937962962962963 0.07083333333333333 0.10370370370370371
1 0.6041666666666666 0.5041666666666667 0.553125 0.38981481481481484
1 0.6494791666666666 0.85 0.34791666666666665 0.29074074074074074
1 0.9276041666666667 0.8342592592592593 0.11875 0.2555555555555556
1 0.5005208333333333 0.18564814814814815 0.12291666666666666 0.25277777777777777
1 0.6161458333333333 0.09537037037037037 0.10625 0.1814814814814815
1 0.7442708333333333 0.08611111111111111 0.12708333333333333 0.16296296296296298
1 0.6963541666666666 0.24953703703703706 0.24791666666666667 0.11018518518518519
