1 0.30859375 0.31807081807081805 0.212890625 0.0989010989010989
1 0.4521484375 0.28144078144078144 0.0703125 0.16727716727716727
1 0.5087890625 0.13553113553113552 0.140625 0.11233211233211234
1 0.7373046875 0.30036630036630035 0.50390625 0.2222222222222222
1 0.79345703125 0.15262515262515264 0.1845703125 0.06593406593406594
1 0.42626953125 0.398046398046398 0.1103515625 0.0463980463980464
1 0.53271484375 0.5256410256410257 0.2099609375 0.18925518925518925
1 0.7060546875 0.525030525030525 0.130859375 0.2222222222222222
1 0.884765625 0.48412698412698413 0.22265625 0.1452991452991453
1 0.88623046875 0.6336996336996337 0.2216796875 0.14163614163614163
