1 0.395 0.2599502487562189 0.2866666666666667 0.17661691542288557
1 0.8283333333333334 0.6666666666666666 0.06666666666666667 0.10696517412935323
1 0.7529166666666667 0.5802238805970149 0.07583333333333334 0.06592039800995025
1 0.6704166666666667 0.5024875621890548 0.11750000000000001 0.06716417910447761
1 0.58125 0.4148009950248756 0.17750000000000002 0.10323383084577115
1 0.5729166666666667 0.27611940298507465 0.0575 0.16666666666666666
1 0.3416666666666667 0.08519900497512438 0.06166666666666667 0.15547263681592038
1 0.5379166666666667 0.7817164179104478 0.05583333333333334 0.07338308457711443
1 0.4758333333333334 0.7325870646766169 0.1 0.09203980099502487
1 0.39708333333333334 0.6791044776119403 0.1275 0.1144278606965174
1 0.20750000000000002 0.6013681592039801 0.31333333333333335 0.11069651741293532
1 0.16625 0.4900497512437811 0.32583333333333336 0.10199004975124377
