1 0.055765595463137994 0.5461783439490446 0.1001890359168242 0.07961783439490447
1 0.1502835538752363 0.36703821656050956 0.14555765595463138 0.19585987261146498
1 0.17580340264650285 0.535031847133758 0.1172022684310019 0.12420382165605096
1 0.29867674858223064 0.4968152866242038 0.10207939508506617 0.1942675159235669
1 0.4773156899810964 0.5286624203821656 0.13043478260869565 0.10509554140127389
1 0.5085066162570888 0.374203821656051 0.18147448015122875 0.12738853503184713
1 0.504725897920605 0.22372611464968153 0.2608695652173913 0.13853503184713375
1 0.9158790170132325 0.19665605095541402 0.1342155009451796 0.18630573248407645
1 0.9224952741020794 0.054140127388535034 0.13610586011342155 0.08598726114649682
1 0.9045368620037807 0.5995222929936306 0.16446124763705106 0.09394904458598727
