1 0.8187500000000001 0.6167820069204153 0.0475 0.10034602076124567
1 0.7608333333333334 0.5320069204152249 0.12666666666666668 0.14186851211072665
1 0.6966666666666667 0.435121107266436 0.10833333333333334 0.18339100346020762
1 0.5929166666666668 0.44333910034602075 0.18083333333333335 0.24480968858131488
1 0.41500000000000004 0.4844290657439447 0.255 0.171280276816609
1 0.32916666666666666 0.35899653979238755 0.17333333333333334 0.1453287197231834
1 0.4683333333333334 0.3594290657439446 0.10500000000000001 0.08910034602076125
1 0.2025 0.10380622837370243 0.33333333333333337 0.16089965397923875
1 0.26583333333333337 0.28114186851211076 0.25333333333333335 0.15570934256055363
1 0.12000000000000001 0.3711072664359862 0.21500000000000002 0.29411764705882354
1 0.1625 0.6198096885813149 0.29333333333333333 0.19463667820069205
