1 0.3226027397260274 0.8734718826405868 0.36575342465753424 0.24083129584352078
1 0.8335616438356165 0.9205378973105135 0.3082191780821918 0.1466992665036675
1 0.8075342465753425 0.621638141809291 0.37945205479452054 0.24572127139364303
1 0.336986301369863 0.6271393643031785 0.33424657534246577 0.24938875305623473
1 0.4041095890410959 0.3569682151589242 0.2684931506849315 0.2591687041564792
1 0.6178082191780822 0.35880195599022 0.14246575342465753 0.26772616136919314
1 0.7726027397260274 0.3575794621026895 0.12328767123287672 0.24572127139364303
1 0.9143835616438356 0.36735941320293397 0.16575342465753426 0.28484107579462103
1 0.48904109589041095 0.1167481662591687 0.39452054794520547 0.2114914425427873
1 0.8438356164383561 0.1265281173594132 0.2821917808219178 0.22127139364303178
