1 0.13125 0.4527777777777778 0.16770833333333332 0.0962962962962963
1 0.14479166666666665 0.3416666666666667 0.09479166666666666 0.11851851851851852
1 0.303125 0.44722222222222224 0.18854166666666666 0.2
1 0.321875 0.28240740740740744 0.18229166666666666 0.11481481481481481
1 0.5208333333333334 0.46481481481481485 0.24270833333333333 0.2388888888888889
1 0.453125 0.26712962962962966 0.071875 0.15462962962962964
1 0.5244791666666666 0.16481481481481483 0.06458333333333333 0.12407407407407407
1 0.571875 0.07962962962962963 0.08645833333333333 0.09814814814814815
1 0.8208333333333333 0.3712962962962963 0.346875 0.43703703703703706
1 0.8130208333333333 0.09722222222222222 0.2 0.10370370370370371
