1 0.4041666666666667 0.737962962962963 0.06770833333333333 0.07407407407407407
1 0.4770833333333333 0.38703703703703707 0.11145833333333333 0.1685185185185185
1 0.5911458333333334 0.5425925925925926 0.28541666666666665 0.1277777777777778
1 0.5276041666666667 0.6791666666666667 0.16458333333333333 0.13055555555555556
1 0.6328125 0.38101851851851853 0.20208333333333334 0.19351851851851853
1 0.7619791666666667 0.4199074074074074 0.05416666666666667 0.25092592592592594
1 0.6791666666666667 0.23703703703703705 0.278125 0.10185185185185186
1 0.6229166666666667 0.09166666666666667 0.128125 0.17407407407407408
1 0.7911458333333333 0.09444444444444444 0.20416666666666666 0.17222222222222222
1 0.9489583333333333 0.17962962962962964 0.09270833333333334 0.1685185185185185
