1 0.6112500000000001 0.7000000000000001 0.06416666666666668 0.075
1 0.4904166666666667 0.630625 0.0975 0.10875
1 0.5616666666666666 0.5325 0.1 0.0975
1 0.6791666666666667 0.469375 0.14166666666666666 0.10875
1 0.6004166666666667 0.319375 0.11416666666666668 0.20625000000000002
1 0.7345833333333334 0.32625 0.1125 0.165
1 0.8429166666666668 0.281875 0.11083333333333334 0.16125
1 0.9554166666666667 0.28 0.08416666666666667 0.17250000000000001
1 0.0575 0.245625 0.09666666666666668 0.47625
1 0.20625000000000002 0.30312500000000003 0.19416666666666668 0.31375000000000003
1 0.3720833333333334 0.27 0.11750000000000001 0.4225
1 0.22666666666666668 0.076875 0.12166666666666667 0.12125
1 0.3591666666666667 0.57375 0.135 0.145
