1 0.47708333333333336 0.176875 0.1325 0.12125
1 0.21458333333333335 0.1975 0.3875 0.1275
1 0.24750000000000003 0.37875000000000003 0.4266666666666667 0.21
1 0.7033333333333334 0.27875 0.30000000000000004 0.1675
1 0.6312500000000001 0.39187500000000003 0.3841666666666667 0.25375000000000003
1 0.89875 0.45375 0.14916666666666667 0.1825
1 0.6441666666666667 0.61 0.2916666666666667 0.165
1 0.30125 0.61875 0.3841666666666667 0.15
1 0.20375000000000001 0.81 0.07916666666666668 0.19
1 0.42833333333333334 0.791875 0.095 0.18625
