1 0.136875 0.1268796992481203 0.25875 0.22368421052631576
1 0.393125 0.12406015037593984 0.25875 0.20300751879699247
1 0.181875 0.38439849624060146 0.20625000000000002 0.2800751879699248
1 0.398125 0.37124060150375937 0.28375 0.3139097744360902
1 0.40875 0.6156015037593985 0.255 0.17481203007518797
1 0.415625 0.7969924812030075 0.26625 0.19548872180451127
1 0.5925 0.7387218045112781 0.0925 0.10150375939849623
1 0.665 0.12969924812030076 0.25 0.23308270676691728
1 0.900625 0.15037593984962405 0.18875 0.2781954887218045
1 0.9187500000000001 0.4755639097744361 0.1325 0.39849624060150374
1 0.766875 0.3308270676691729 0.09875 0.14661654135338345
1 0.6687500000000001 0.4323308270676691 0.105 0.12030075187969924
1 0.734375 0.6644736842105263 0.12125 0.16353383458646614
1 0.57625 0.47180451127819545 0.055 0.26691729323308266
1 0.8025 0.8026315789473684 0.05 0.10150375939849623
