1 0.24833333333333335 0.10943396226415093 0.335 0.13081761006289308
1 0.20583333333333334 0.28238993710691823 0.41000000000000003 0.19999999999999998
1 0.6000000000000001 0.09496855345911949 0.3666666666666667 0.1320754716981132
1 0.6058333333333333 0.27672955974842767 0.38 0.20377358490566036
1 0.8908333333333334 0.22767295597484274 0.18000000000000002 0.38490566037735846
1 0.8433333333333334 0.5773584905660377 0.28500000000000003 0.26666666666666666
1 0.5620833333333334 0.7842767295597484 0.28250000000000003 0.2251572327044025
1 0.17208333333333334 0.560377358490566 0.2225 0.17232704402515722
1 0.08958333333333333 0.8283018867924528 0.1325 0.1320754716981132
1 0.5570833333333334 0.4987421383647799 0.24750000000000003 0.16226415094339622
1 0.755 0.8446540880503144 0.08666666666666667 0.22264150943396224
1 0.39416666666666667 0.8698113207547169 0.12666666666666668 0.11949685534591194
