1 0.076 0.496996996996997 0.132 0.2852852852852853
1 0.228 0.5165165165165165 0.192 0.11411411411411411
1 0.363 0.47897897897897895 0.094 0.1831831831831832
1 0.342 0.3003003003003003 0.18 0.22822822822822822
1 0.482 0.36786786786786785 0.10400000000000001 0.30930930930930933
1 0.608 0.3708708708708709 0.116 0.27927927927927926
1 0.722 0.3813813813813814 0.132 0.26426426426426425
1 0.857 0.3783783783783784 0.126 0.3123123123123123
1 0.342 0.1006006006006006 0.324 0.16516516516516516
1 0.636 0.12912912912912913 0.272 0.22822822822822822
1 0.875 0.12762762762762764 0.19 0.1891891891891892
1 0.1 0.16966966966966968 0.136 0.30930930930930933
