1 0.3091666666666667 0.32875 0.6116666666666667 0.6475
1 0.6683333333333333 0.45625 0.1 0.4875
1 0.8566666666666667 0.6637500000000001 0.27666666666666667 0.2575
1 0.7766666666666667 0.465 0.11 0.135
1 0.33916666666666667 0.74125 0.14166666666666666 0.17250000000000001
1 0.10666666666666667 0.8725 0.0 0.0
1 0.05916666666666667 0.8475 0.095 0.11
1 0.3091666666666667 0.3925 0.615 0.775
1 0.6791666666666667 0.50375 0.115 0.5525
1 0.8633333333333334 0.6587500000000001 0.26666666666666666 0.2425
1 0.3041666666666667 0.37125 0.5950000000000001 0.7275
1 0.065 0.8300000000000001 0.1 0.14
1 0.6666666666666667 0.47750000000000004 0.12000000000000001 0.49
1 0.8666666666666667 0.63125 0.26 0.2125
1 0.7716666666666667 0.445 0.08333333333333334 0.155
