1 0.19541666666666668 0.6338888888888888 0.12250000000000001 0.11888888888888889
1 0.28125 0.5294444444444445 0.18916666666666668 0.06333333333333334
1 0.3166666666666667 0.4577777777777778 0.13 0.09111111111111111
1 0.32666666666666666 0.6227777777777778 0.11666666666666667 0.12111111111111111
1 0.445 0.5616666666666666 0.12166666666666667 0.27666666666666667
1 0.6333333333333334 0.5261111111111111 0.28 0.36777777777777776
1 0.8679166666666667 0.2727777777777778 0.24750000000000003 0.14333333333333334
1 0.8770833333333334 0.5205555555555555 0.21083333333333334 0.3411111111111111
1 0.41375 0.7972222222222223 0.3441666666666667 0.17666666666666667
1 0.4754166666666667 0.9338888888888889 0.3091666666666667 0.10333333333333333
1 0.6641666666666667 0.8177777777777778 0.14500000000000002 0.19333333333333333
