1 0.08509454949944383 0.8319672131147541 0.1635150166852058 0.2459016393442623
1 0.23637374860956617 0.744535519125683 0.13236929922135707 0.13114754098360656
1 0.3414905450500556 0.6721311475409836 0.08231368186874305 0.1830601092896175
1 0.07953281423804227 0.6031420765027322 0.13236929922135707 0.20081967213114754
1 0.13181312569521692 0.2896174863387978 0.23025583982202447 0.4207650273224044
1 0.3659621802002225 0.14617486338797814 0.2335928809788654 0.23770491803278687
1 0.3659621802002225 0.36133879781420764 0.1557285873192436 0.18442622950819673
1 0.6713014460511679 0.3702185792349727 0.13014460511679643 0.11748633879781421
1 0.5556173526140156 0.5116120218579235 0.11234705228031146 0.06147540983606557
1 0.6674082313681868 0.48633879781420764 0.07341490545050056 0.07650273224043716
1 0.42213570634037817 0.6024590163934426 0.07675194660734148 0.14207650273224043
