1 0.7000000000000001 0.8224592220828105 0.04166666666666667 0.10915934755332496
1 0.7495833333333334 0.7728983688833123 0.0675 0.13801756587202008
1 0.8166666666666668 0.7107904642409033 0.07500000000000001 0.164366373902133
1 0.8795833333333334 0.6806775407779171 0.07083333333333333 0.23964868255959848
1 0.9550000000000001 0.624215809284818 0.08666666666666667 0.24717691342534504
1 0.2275 0.4171894604767879 0.09166666666666667 0.15683814303638643
1 0.3154166666666667 0.3820577164366374 0.08916666666666667 0.22710163111668757
1 0.4025 0.3525721455457967 0.08666666666666667 0.22584692597239647
1 0.48583333333333334 0.3086574654956085 0.1 0.2484316185696361
1 0.5925 0.2697616060225847 0.10666666666666667 0.27101631116687575
1 0.7041666666666667 0.22584692597239647 0.115 0.3262233375156838
1 0.8141666666666667 0.23525721455457965 0.10333333333333335 0.29987452948557086
1 0.93625 0.205771643663739 0.12416666666666668 0.34629861982434124
