1 0.16416666666666668 0.44746835443037974 0.055 0.06455696202531645
1 0.11791666666666667 0.40569620253164557 0.07250000000000001 0.08227848101265824
1 0.06208333333333334 0.35253164556962024 0.09916666666666667 0.12278481012658228
1 0.030416666666666668 0.2620253164556962 0.04083333333333333 0.04050632911392405
1 0.5891666666666667 0.24303797468354432 0.11833333333333335 0.30886075949367087
1 0.5720833333333334 0.640506329113924 0.0825 0.17468354430379748
1 0.7683333333333334 0.3867088607594937 0.12000000000000001 0.11772151898734177
1 0.8058333333333334 0.4626582278481013 0.09000000000000001 0.0670886075949367
1 0.6495833333333334 0.45126582278481014 0.0475 0.07215189873417721
1 0.68125 0.30822784810126586 0.0425 0.1759493670886076
1 0.27458333333333335 0.8183544303797469 0.030833333333333334 0.04683544303797468
1 0.21666666666666667 0.7949367088607595 0.025 0.07341772151898734
1 0.7945833333333334 0.8341772151898734 0.0425 0.04556962025316456
1 0.4979166666666667 0.549367088607595 0.052500000000000005 0.06075949367088608
