1 0.525527192008879 0.6847619047619048 0.04328523862375139 0.08952380952380952
1 0.5288568257491676 0.5752380952380952 0.08990011098779134 0.1295238095238095
1 0.5283018867924528 0.44 0.10432852386237514 0.14857142857142858
1 0.5271920088790233 0.30952380952380953 0.11986681465038845 0.12761904761904763
1 0.5288568257491676 0.18285714285714286 0.14317425083240845 0.14095238095238094
1 0.5388457269700333 0.07333333333333333 0.17647058823529413 0.11619047619047619
1 0.6265260821309656 0.6342857142857142 0.10765815760266371 0.15619047619047619
1 0.6625971143174251 0.47904761904761906 0.16426193118756938 0.14666666666666667
1 0.6964483906770256 0.3466666666666667 0.18312985571587126 0.14476190476190476
1 0.720865704772475 0.20285714285714285 0.20532741398446172 0.13523809523809524
1 0.839622641509434 0.07238095238095238 0.24750277469478357 0.10285714285714286
